0.466755 -0.025537 0.054382
-0.318785 0.817539 -0.293739
-0.328490 -0.817205 -0.279509
0.413251 -0.835369 0.346370
-0.283485 0.239136 0.315082
0.421434 -0.621907 -0.337598
-0.203852 -0.114954 -0.302574
-0.284928 -0.452086 0.315082
-0.313587 0.817539 0.291898
0.064004 -0.116713 0.330775
-0.282200 0.342191 -0.166196
0.256910 -0.036151 -0.343350
0.448591 -0.369745 0.341962
-0.182466 -0.017987 0.058374
-0.293921 -0.817205 0.261855
-0.308112 -0.460090 -0.276702
-0.276429 0.516656 0.120970
0.143182 -0.017987 -0.029521
0.400562 -0.311379 -0.281505
0.398269 -0.036151 0.362103
-0.283663 -0.128394 0.315082
-0.331731 0.806352 -0.004459
-0.308903 0.558242 -0.302495
0.462367 -0.017987 -0.198275
-0.280500 0.124044 -0.302495
0.033269 -0.017987 -0.254704
-0.265835 0.242002 0.050745
0.394119 -0.601292 0.308599
0.249913 -0.017987 0.178110
0.394119 -0.834677 -0.308682
-0.314536 0.542628 -0.086563
0.021430 -0.017987 0.150143
-0.295364 0.593977 0.315082
-0.220553 0.054076 0.260590
-0.262356 -0.017987 -0.122634
-0.055476 -0.036151 -0.076423
-0.247987 -0.287463 -0.248003
-0.271013 -0.643332 -0.302495
-0.261763 -0.642956 0.311030
0.286518 -0.036151 -0.155404
-0.323509 0.708911 0.147119
0.434637 -0.127722 -0.337954
0.243154 -0.126971 0.338543
-0.243125 0.410024 0.260590
0.423766 -0.195398 0.294961
-0.228281 -0.283174 0.267824
-0.309496 0.709820 -0.164279
-0.083878 -0.036151 0.326150
0.426692 -0.126971 -0.079348
0.448591 -0.463905 -0.291763
0.316363 -0.036151 0.001352
0.422976 -0.036151 0.205821
-0.245437 0.275919 -0.302495
-0.127697 -0.017987 -0.206299
0.120986 -0.126971 -0.303760
0.162078 -0.017987 0.288518
-0.276962 0.413167 -0.302495
-0.114514 -0.017987 0.180581
-0.277970 -0.032218 0.168505
-0.033438 -0.126971 -0.308188
0.149389 -0.017987 -0.185763
-0.296154 0.343910 0.157812
-0.278188 -0.014568 -0.266661
0.144289 -0.036151 0.107628
-0.301471 0.342369 -0.018057
-0.265578 0.675073 -0.280635
0.355933 -0.036151 -0.263598
0.448591 -0.714091 0.308184
0.412263 -0.125983 0.121345
-0.160883 -0.126971 0.298973
0.301460 -0.017987 0.288340
-0.113249 -0.032079 -0.325640
0.427996 -0.479025 0.294961
0.029850 -0.036151 0.007954
-0.273919 0.698000 0.260590
-0.295403 0.476692 0.010859
0.390818 -0.017987 -0.101881
-0.278682 0.241152 -0.108284
0.048844 -0.017987 0.262962
0.413271 -0.126971 -0.219581
-0.311492 0.495963 -0.204718
-0.311788 0.500588 0.237662
-0.277713 -0.036151 -0.009795
0.464700 -0.017987 -0.353608
0.134486 -0.019272 -0.339021
0.054872 -0.036151 -0.105063
-0.330822 0.817579 0.115811
0.412678 -0.726424 -0.281505
-0.062473 -0.017987 0.070648
-0.289256 -0.183499 -0.264408
0.351861 -0.017987 0.120041
-0.301985 0.816254 -0.128919
-0.287023 0.586466 0.032423
-0.281449 0.240974 0.203034
-0.298862 0.710512 -0.051401
-0.177189 -0.017987 -0.053891
-0.278840 0.146260 0.260590
-0.283327 -0.544744 0.260590
0.309169 -0.126971 -0.321193
-0.037173 -0.126971 0.303460
-0.237689 -0.384213 -0.288265
0.448591 -0.219788 -0.285715
-0.189957 -0.029530 0.316426
0.237620 -0.017987 0.068098
-0.321849 -0.707944 0.260590
-0.225277 0.188973 -0.248003
-0.273958 -0.727254 -0.248003
-0.252335 -0.541661 -0.263855
0.396668 -0.285842 0.349513
-0.295640 0.348753 0.315082
-0.288564 -0.371543 0.260590
0.342908 -0.113195 0.346548
0.448591 -0.085484 0.283715
0.239616 -0.036151 -0.072371
-0.280006 -0.047891 0.262408
-0.211481 0.053068 -0.271879
0.443551 -0.126971 0.012875
-0.265064 0.342388 0.069423
-0.231404 -0.181839 0.260590
0.090805 -0.017987 0.346627
-0.309179 0.709840 0.056556
0.209593 -0.123947 -0.326273
-0.294593 0.576940 0.187321
0.196212 -0.017987 -0.271899
-0.302835 0.451768 0.315082
-0.274927 -0.017987 0.078613
0.221392 -0.021782 0.356312
0.425624 -0.377137 -0.337717
-0.295957 0.257715 -0.230235
0.110629 -0.036151 0.190997
-0.220336 -0.036151 -0.201516
-0.238460 0.306278 0.260590
-0.006755 -0.036151 -0.177838
0.369077 -0.036151 -0.350979
-0.292399 -0.229571 0.302195
-0.328747 0.760576 0.226792
0.000756 -0.017987 0.337891
0.412263 -0.043800 -0.021615
-0.204761 -0.036151 0.215229
-0.057630 -0.017987 -0.256680
0.397182 -0.562868 -0.281505
0.045326 -0.074376 -0.316865
-0.293743 0.782239 -0.221004
-0.236760 0.343713 -0.252688
0.448591 -0.066925 -0.267175
-0.279018 0.477759 -0.126903
-0.032212 -0.036151 0.255649
0.275470 -0.017987 -0.248003
-0.186261 -0.037396 -0.276327
-0.121807 -0.017987 -0.124472
-0.219308 0.132563 0.315082
-0.107300 -0.017987 -0.011495
-0.327007 0.733993 0.310595
-0.260380 0.270543 -0.034778
0.436040 -0.137545 0.350580
-0.289671 0.571129 -0.223752
0.412263 -0.126694 0.225112
-0.283287 0.204152 -0.302495
-0.310148 -0.601015 -0.248003
0.142985 -0.114262 0.335242
-0.250042 0.496457 -0.254506
-0.326434 0.725039 -0.274113
0.394119 -0.426885 0.344690
0.430961 -0.535059 0.350442
0.394396 -0.778564 0.294961
-0.126689 -0.017987 0.262863
-0.301155 -0.358143 -0.251146
-0.324813 -0.705928 -0.302495
0.410899 -0.017987 0.283636
-0.295008 0.243287 0.122274
0.466755 -0.019015 -0.121171
0.348165 -0.017987 0.200860
-0.226898 0.202848 0.260590
0.377734 -0.036151 0.047207
-0.131215 -0.108115 -0.279430
-0.314180 -0.761092 0.315082
0.121362 -0.017987 -0.258004
0.158915 -0.017987 -0.103620
-0.222826 -0.215558 -0.248003
0.454283 -0.017987 0.139509
-0.317204 0.583680 0.101383
-0.272634 0.350769 -0.091978
0.448591 -0.781766 -0.316884
-0.282220 0.047178 0.302175
0.395799 -0.336638 0.294961
0.072167 -0.036151 -0.193847
-0.319852 0.624297 -0.270516
-0.260024 0.548221 0.260590
-0.276211 -0.099834 -0.302495
-0.300503 0.327426 -0.286367
0.310493 -0.017987 -0.082017
0.294839 -0.030755 0.360285
-0.237373 -0.380892 0.312058
0.233311 -0.036151 0.269010
-0.330012 0.780025 -0.071996
-0.142857 -0.036151 0.116325
0.361250 -0.036151 -0.191851
-0.272930 -0.313908 0.315082
-0.293763 0.782476 0.065470
0.448591 -0.650309 0.340757
0.116757 -0.017987 0.037028
-0.277259 0.047376 -0.302495
-0.295403 0.807696 0.176925
0.394119 -0.182372 -0.311785
0.406294 -0.268034 -0.337183
-0.274768 -0.777437 -0.302495
-0.288624 -0.306299 -0.302495
-0.230693 -0.097818 0.260590
0.223824 -0.036151 -0.186672
-0.045415 -0.036151 0.141249
0.396115 -0.469933 -0.336906
0.466755 -0.026031 0.363664
0.013247 -0.017987 0.081440
0.394119 -0.126576 0.295139
-0.282180 0.477561 -0.057034
-0.304910 0.580142 -0.143842
-0.313290 -0.536146 -0.294767
0.188247 -0.036151 0.201572
0.191567 -0.036151 0.021315
0.412263 -0.086137 -0.165109
-0.266606 0.657937 0.315082
-0.073857 -0.036151 -0.168746
-0.034722 -0.017987 -0.001296
0.008049 -0.017987 -0.320323
-0.262257 0.610007 -0.302495
-0.243915 -0.451117 -0.258419
-0.307242 0.475921 0.175561
0.307430 -0.036151 0.073573
-0.251070 -0.486477 0.260590
-0.209346 -0.036151 0.118025
-0.314457 0.541541 -0.007443
-0.217094 0.117621 -0.283798
-0.251900 -0.072281 -0.248003
-0.327442 0.740792 -0.000743
-0.299060 0.305507 0.210802
0.422264 -0.017987 -0.301151
-0.311630 0.498137 -0.277927
-0.246682 -0.137288 -0.248003
0.394119 -0.647680 -0.284667
0.404397 -0.401467 -0.281505
-0.248145 0.474636 0.260689
-0.270302 -0.232378 -0.302495
0.394119 -0.695235 0.337575
-0.301728 -0.636968 0.260590
-0.266092 0.080265 -0.248003
-0.320860 -0.673473 0.315082
-0.288446 0.514621 0.315082
-0.258344 -0.578760 0.315082
-0.305128 0.398541 0.272884
0.448591 -0.512863 -0.333131
0.312766 -0.059928 -0.304571
0.425031 -0.267836 0.294961
-0.098998 -0.126971 0.319964
0.375164 -0.121397 -0.308109
0.073827 -0.017987 -0.046776
0.448591 -0.111179 0.171628
-0.219308 -0.151005 0.315082
0.252740 -0.036151 -0.002601
0.173956 -0.080444 -0.296724
-0.292952 0.476850 0.074206
-0.291351 0.625779 0.260590
-0.322027 -0.664283 -0.255040
-0.243480 0.420974 -0.249604
-0.070359 -0.082737 -0.282889
-0.298724 0.300249 0.037226
0.448591 -0.686222 -0.313603
-0.272318 0.752690 -0.288205
0.445409 -0.813370 0.294961
0.441436 -0.408721 0.294961
-0.235515 -0.036151 -0.058832
0.415188 -0.227595 0.350007
0.213170 -0.036151 0.132789
-0.224625 -0.243683 0.314212
-0.200571 -0.036151 0.003625
-0.053143 -0.036151 -0.325284
-0.322916 0.671140 0.284387
0.433293 -0.753719 0.350501
0.448591 -0.047180 -0.071502
-0.280322 0.576367 -0.050768
0.290689 -0.017987 0.127789
0.195184 -0.085860 0.338187
0.420288 -0.017987 0.090789
-0.315010 -0.561406 0.311030
0.448591 -0.578384 -0.306745
-0.180766 -0.017987 -0.161591
0.448591 -0.077203 0.076439
0.448591 -0.345710 -0.281683
-0.265637 -0.070147 0.315082
-0.224486 0.031979 0.315082
0.405029 -0.017987 -0.236856
0.398151 -0.759866 -0.336966
0.448591 -0.590579 0.344868
-0.259352 -0.506064 0.315082
-0.283366 0.773167 0.315082
-0.229605 0.261411 0.310832
-0.328490 -0.759076 -0.273915
-0.261467 0.287303 0.140537
-0.253798 0.539544 -0.299728
-0.300720 0.330786 -0.219996
-0.225751 0.113885 0.260590
0.448591 -0.086967 -0.119985
-0.218853 -0.181700 -0.294708
-0.291292 0.744587 0.108913
-0.274235 0.158594 -0.248003
0.031075 -0.126971 -0.298266
0.395324 -0.505352 -0.281505
0.466755 -0.028403 0.290356
-0.269056 0.715077 0.315121
0.448591 -0.142111 -0.284786
-0.227827 0.173319 -0.302495
-0.330269 0.784117 -0.165939
-0.276883 0.523713 -0.169596
-0.292241 0.279575 0.260590
-0.246208 0.452203 0.312532
-0.290857 0.737787 -0.118839
-0.199741 -0.017987 -0.108462
-0.307302 -0.448133 0.263476
-0.312124 0.709662 0.209675
-0.274017 -0.036151 -0.184992
-0.260340 0.242358 -0.161314
0.418529 -0.668275 0.294961
-0.227807 -0.268864 -0.302495
0.442583 -0.191781 -0.338171
-0.299336 -0.508969 -0.248003
0.448591 -0.069613 0.012005
-0.276626 0.519760 0.040843
0.078887 -0.019094 -0.336017
0.109424 -0.036151 -0.151570
-0.328846 0.762019 0.171351
0.394119 -0.546345 0.301286
0.202220 -0.036151 -0.334357
-0.127598 -0.036151 -0.272354
0.436100 -0.431728 -0.337993
0.100431 -0.017987 0.282628
-0.019918 -0.017987 -0.114530
-0.268938 -0.720079 0.270492
0.442207 -0.073210 -0.338151
0.062818 -0.036151 0.066063
0.097782 -0.070502 0.332693
-0.306432 0.418385 -0.256660
-0.050159 -0.017987 0.207284
0.412263 -0.071530 0.126247
-0.287122 0.122424 0.309054
-0.293348 0.775973 -0.031695
0.236592 -0.062537 -0.300262
0.001704 -0.036151 0.213055
-0.313488 0.526796 0.080886
-0.284513 -0.193579 0.260590
0.165675 -0.017987 0.342733
-0.172860 -0.036151 0.171252
0.251475 -0.064454 0.341369
-0.237136 0.289636 -0.248003
-0.313666 0.529425 0.170046
0.394119 -0.083409 0.327356
0.448591 -0.326617 0.298558
-0.305503 0.710097 -0.217960
-0.226542 0.226150 -0.286881
0.368345 -0.017987 -0.038573
-0.226937 -0.017967 0.260590
-0.008356 -0.079911 -0.313781
-0.238559 0.364367 0.288142
0.227658 -0.017987 -0.136489
0.421375 -0.036151 -0.143664
0.394475 -0.068131 -0.281505
0.196528 -0.036151 -0.041419
0.368148 -0.017987 0.322751
0.421750 -0.017987 0.024556
0.412263 -0.102482 0.047918
-0.297103 0.275523 -0.180921
-0.299317 0.309322 0.111799
-0.261664 0.290347 -0.104687
0.448235 -0.520156 -0.281505
-0.298506 0.296810 0.313876
-0.269037 -0.154425 -0.302495
0.394119 -0.780106 -0.289312
-0.274907 -0.179546 0.315082
-0.310978 -0.502170 0.271283
-0.314417 0.683335 -0.302495
-0.272377 -0.230599 -0.248003
0.448591 -0.075582 -0.200271
-0.241069 -0.420481 0.279149
-0.304475 -0.406824 0.294625
-0.270934 -0.420916 -0.302495
0.448591 -0.095960 -0.032110
-0.131314 -0.017987 0.053611
-0.296312 0.263289 0.001688
0.464640 -0.017987 -0.249387
0.419774 -0.470744 0.350145
-0.284849 0.087657 0.271105
0.444164 -0.580736 0.294961
-0.280342 0.576624 0.138343
0.013662 -0.126971 0.299270
0.368246 -0.017987 0.255985
-0.305286 0.576900 0.260590
-0.288209 0.786666 0.260590
0.394119 -0.162627 0.337377
0.446812 -0.292286 0.350876
-0.281884 0.331518 0.260590
-0.258779 -0.610878 -0.266227
-0.233301 -0.336954 0.288162
-0.269669 -0.255859 0.260590
-0.242057 0.088013 0.315082
0.399080 -0.377374 0.349572
0.093829 -0.036151 0.143996
-0.233104 -0.335057 -0.248339
-0.207212 0.003814 -0.294945
0.294424 -0.017987 0.199812
0.073748 -0.017987 0.220249
-0.278880 -0.795681 0.315082
0.394119 -0.559173 -0.330680
0.306026 -0.017987 -0.196871
-0.322758 0.668768 -0.249525
-0.016657 -0.036151 0.046772
-0.296154 0.261016 -0.066956
0.448591 -0.184843 0.347951
-0.256229 0.551522 0.315082
-0.240101 0.382017 -0.294451
0.341070 -0.051073 0.346449
-0.277970 -0.488651 -0.302495
0.466755 -0.018323 0.193428
-0.270974 0.003122 0.260590
-0.261506 0.287995 0.089464
-0.167800 -0.017987 -0.235729
-0.255498 -0.405104 -0.248003
0.394119 -0.724922 0.299329
-0.030315 -0.036151 0.303974
0.300433 -0.126971 0.327989
0.175439 -0.017987 0.156863
-0.278030 0.541086 0.216455
-0.086566 -0.036151 0.033075
0.032419 -0.036151 0.304448
-0.291529 0.748302 0.030426
-0.325327 -0.712509 -0.254822
-0.251011 0.453567 -0.302495
-0.210572 -0.092659 0.303816
-0.302815 0.819476 -0.073538
0.412263 -0.076966 -0.237627
-0.159202 -0.079021 -0.305144
-0.285936 -0.595540 -0.302495
-0.331534 -0.803587 0.301662
0.045306 -0.036151 0.111898
-0.295344 0.248485 -0.277097
-0.265459 0.348278 0.012717
0.442424 -0.017987 0.245410
-0.127994 -0.017987 0.310437
0.394119 -0.403128 0.303480
-0.222352 0.177924 0.300614
-0.253422 -0.058307 -0.302495
0.394119 -0.506775 0.333305
0.076673 -0.017987 -0.273540
-0.276152 0.512427 -0.025805
-0.251446 -0.017987 0.037759
0.274817 -0.017987 -0.112751
-0.263878 0.324284 -0.039898
0.324368 -0.036151 0.251537
-0.297241 -0.300646 -0.256641
0.072878 -0.017987 0.010128
0.079579 -0.111357 -0.318821
0.448591 -0.249237 -0.330858
-0.281311 -0.595006 0.260590
-0.280777 -0.373441 -0.302495
-0.010550 -0.036151 -0.281663
-0.269531 -0.726463 -0.294372
0.118496 -0.047852 -0.293581
-0.317738 0.805324 0.220585
-0.257000 0.329778 -0.302495
0.302132 -0.017987 -0.287929
0.352197 -0.090959 -0.334455
-0.290956 0.739309 0.248375
0.412263 -0.113669 -0.281090
-0.247038 0.327762 0.315082
0.161504 -0.017987 0.051377
0.097248 -0.017987 -0.108067
-0.116925 -0.017987 -0.056678
0.436021 -0.126971 0.267765
-0.088147 -0.082184 0.322178
-0.314832 0.637678 0.315082
-0.000825 -0.017987 -0.223673
0.331325 -0.017987 -0.331866
-0.285718 -0.131695 0.269207
0.448591 -0.416766 0.339650
-0.328253 0.817539 -0.248833
-0.195293 -0.034313 -0.321193
-0.066544 -0.017987 0.282549
-0.318943 -0.627836 0.315082
0.448591 -0.736939 -0.308623
-0.328312 0.753955 0.084049
0.394119 -0.631414 0.342773
-0.268463 0.025812 -0.248003
0.249577 -0.017987 0.307453
0.196489 -0.017987 -0.218198
-0.077158 -0.126971 -0.290953
-0.276528 0.800917 -0.292139
-0.301906 0.585478 -0.094844
0.412263 -0.078744 0.217166
0.037400 -0.036151 -0.146866
0.420149 -0.036151 -0.351868
0.412263 -0.073606 -0.096564
0.406966 -0.573344 0.349789
0.438748 -0.835369 -0.315718
-0.258838 0.246924 0.241635
0.182396 -0.126971 0.317454
-0.236108 -0.030103 -0.248003
-0.291826 0.752730 0.195227
0.394119 -0.422932 -0.325027
-0.271329 0.371581 -0.248003
0.438254 -0.641849 -0.281505
0.175577 -0.017987 -0.149653
0.448591 -0.419513 -0.287533
0.448591 -0.119460 0.090650
-0.319497 0.818389 0.060015
-0.236385 -0.288491 0.315082
0.253392 -0.017987 -0.286604
0.199236 -0.036151 -0.099370
0.291420 -0.017987 -0.030608
-0.273840 -0.772733 -0.258340
-0.272950 -0.763365 0.279307
0.350735 -0.017987 -0.120776
-0.268997 -0.036151 0.125298
-0.062433 -0.017987 -0.036696
-0.313350 0.553617 0.315082
0.354984 -0.047120 -0.306962
-0.149557 -0.017987 0.225072
0.415702 -0.703556 -0.337440
-0.329834 0.777199 0.302215
0.440804 -0.624693 0.294961
-0.295522 -0.817205 -0.250355
0.410484 -0.017987 0.136545
-0.222668 -0.222653 0.274050
-0.299178 0.307128 -0.146214
-0.276725 -0.678178 0.260590
-0.233835 -0.342864 -0.302021
0.461972 -0.036151 -0.303424
-0.313132 0.521064 -0.240453
0.068411 -0.017987 0.174474
0.440962 -0.126971 -0.185862
-0.223577 0.145391 -0.248003
0.150476 -0.017987 0.213510
0.115452 -0.126971 0.303994
-0.084728 -0.036151 0.103359
-0.023318 -0.092343 0.325854
-0.260281 0.614058 -0.259250
-0.269946 0.415875 0.315082
-0.277970 -0.027118 -0.060750
0.394119 -0.455979 0.309291
0.448591 -0.076472 0.240706
-0.319892 -0.632995 -0.284964
-0.290304 0.477028 -0.168726
-0.289118 0.711203 0.173248
-0.212074 -0.108807 -0.260712
0.159152 -0.036151 -0.285774
-0.310879 0.486594 0.291305
-0.067038 -0.036151 -0.117693
0.129900 -0.036151 0.257388
-0.085538 -0.036151 -0.229740
-0.275638 0.504402 0.179909
0.035404 -0.036151 -0.051243
-0.298704 0.299834 -0.036439
-0.282872 -0.692823 0.315082
-0.294197 -0.256096 -0.274251
0.295847 -0.070048 0.343880
-0.009186 -0.017987 0.120555
-0.309298 0.462342 -0.255059
-0.238183 -0.017987 0.164295
-0.327857 0.746919 -0.045491
-0.289790 0.721501 -0.004261
-0.328865 0.762474 -0.293937
0.372101 -0.036151 -0.000466
0.439242 -0.017987 0.332495
0.010658 -0.036151 0.265076
0.380303 -0.017987 0.173426
-0.321809 -0.785541 0.260590
-0.325901 -0.721008 0.309232
-0.270143 -0.733144 0.310536
-0.261941 0.294597 -0.000249
-0.279769 0.430758 0.260590
-0.300186 -0.343912 0.290099
-0.221225 -0.173597 -0.248003
-0.276923 0.703594 -0.248003
-0.292933 0.769728 -0.180980
0.103613 -0.036151 0.075589
-0.263305 0.315449 -0.209402
0.273908 -0.106376 -0.329969
0.085508 -0.017987 -0.228989
-0.296055 0.817539 -0.029185
0.263808 -0.036151 0.240607
-0.315801 0.561978 -0.254664
0.418094 -0.814556 -0.281505
-0.291173 0.349563 0.106126
-0.277239 0.528891 -0.063695
-0.312460 0.510806 -0.112811
-0.265341 0.242022 -0.207426
0.448591 -0.096395 -0.236777
0.327214 -0.036151 -0.149238
-0.300779 0.810009 -0.179280
0.412263 -0.109677 -0.007305
-0.285422 -0.127268 -0.273421
0.394119 -0.742196 0.346943
-0.293209 0.773878 -0.137991
-0.278287 0.545079 -0.105359
0.180499 -0.017987 0.112866
0.415327 -0.796886 -0.337440
0.386608 -0.124244 0.349018
-0.229704 0.262577 0.265432
-0.161475 -0.036151 -0.007799
0.412263 -0.100960 -0.051579
-0.280678 -0.417517 0.260590
0.157255 -0.017987 -0.228792
0.412263 -0.048919 0.257586
0.050880 -0.017987 -0.304689
0.240663 -0.125785 -0.300499
-0.314437 0.541086 -0.147775
-0.253106 -0.549922 0.286798
0.197912 -0.036151 0.061141
-0.314002 -0.546503 -0.248715
-0.294593 0.237001 0.276422
-0.292340 0.202274 0.301582
0.100806 -0.036151 -0.072352
0.394119 -0.650309 -0.330384
-0.039525 -0.017987 -0.159061
-0.311808 0.500943 0.043570
0.448591 -0.104696 0.318778
-0.284275 0.197294 -0.248003
-0.245319 -0.466316 -0.296941
-0.258660 0.244077 -0.004913
0.448591 -0.344880 -0.332578
-0.259154 0.601251 0.299962
0.163718 -0.047555 -0.323644
0.080784 -0.036151 0.312710
0.018584 -0.017987 0.042048
0.210719 -0.036151 0.320853
-0.263918 0.324699 0.170521
0.394119 -0.305113 -0.330601
-0.225771 0.217256 0.303302
-0.295028 0.801707 0.110099
-0.277318 0.512644 0.260590
-0.264313 0.242061 -0.248003
-0.314061 0.535572 -0.203710
0.448591 -0.804693 0.333365
-0.319615 0.753856 -0.248003
0.388071 -0.017987 -0.277572
0.385225 -0.017987 0.214439
-0.234942 -0.045361 0.315082
0.395087 -0.272362 -0.281505
-0.311887 0.502208 0.111838
-0.257217 0.578837 -0.278995
0.424379 -0.063110 0.350264
-0.315919 0.563954 0.225013
0.231058 -0.017987 -0.036577
-0.286509 0.112937 -0.255771
0.445883 -0.655804 -0.338250
-0.150150 -0.094853 0.318679
-0.302835 0.609473 -0.302495
-0.259055 0.250323 -0.073340
-0.263581 0.319738 0.219004
0.287368 -0.036151 0.027501
-0.283742 0.707448 -0.302495
-0.272021 -0.017987 -0.219463
-0.262356 -0.649321 -0.260712
0.412263 -0.065383 0.069245
-0.284651 0.084613 -0.294451
-0.316512 0.572927 0.151783
-0.311156 0.491021 -0.079507
0.448591 -0.060047 0.111186
0.321245 -0.017987 0.042345
-0.294415 0.476771 0.212007
0.265330 -0.036151 0.104980
-0.286588 0.276195 -0.302495
0.412263 -0.062300 -0.195448
0.161445 -0.105170 -0.323525
0.394119 -0.682170 -0.301725
-0.309990 -0.487722 0.306899
0.301777 -0.036151 0.322118
-0.288169 0.376523 -0.302495
0.038448 -0.036151 0.189811
-0.277002 0.806491 0.292273
-0.315583 -0.784019 -0.248003
0.383189 -0.036151 -0.144672
0.394119 -0.214649 0.309390
-0.278939 0.555258 -0.005012
0.025996 -0.017987 -0.088144
0.164548 -0.036151 -0.062074
0.342789 -0.036151 0.087607
-0.297696 0.284477 -0.265140
-0.231701 -0.036151 -0.096623
-0.275381 0.787852 -0.253775
0.225464 -0.017987 0.016551
0.260725 -0.017987 0.349690
0.395641 -0.017987 -0.328150
-0.044032 -0.055501 -0.284371
-0.231147 -0.253546 -0.248003
-0.154874 -0.036151 -0.121310
-0.297182 0.276512 0.145735
-0.119000 -0.017987 0.143205
-0.277338 -0.029273 -0.302495
-0.263700 0.321596 0.106146
0.382932 -0.017987 0.087053
0.407440 -0.036151 -0.073577
0.248787 -0.036151 0.145320
-0.295344 0.710749 -0.093243
-0.331237 0.798861 0.183526
-0.279018 0.556325 0.106858
-0.234310 -0.207533 0.315082
0.412896 -0.096434 -0.337361
0.394119 -0.257835 0.324866
-0.331356 0.800640 -0.199460
0.288949 -0.071827 -0.330819
0.227025 -0.036151 0.201413
-0.316433 0.584549 -0.055749
-0.293051 0.349445 -0.060809
0.143202 -0.036151 0.152693
-0.119613 -0.036151 0.212600
-0.263008 0.310863 -0.138564
0.448591 -0.232516 0.334511
-0.257118 0.037513 0.260590
0.413429 -0.191543 -0.281505
-0.309436 -0.790502 -0.302495
-0.293684 0.781251 0.013666
0.427028 -0.036151 -0.269251
0.409694 -0.092995 0.294961
0.131521 -0.036151 -0.121883
0.448591 -0.090900 0.202580
-0.284177 -0.557631 -0.302495
0.416453 -0.102225 0.350046
0.357830 -0.017987 -0.084487
0.448591 -0.759985 0.317474
-0.329557 0.773167 0.017045
0.448591 -0.378402 -0.308860
-0.297795 0.285979 -0.094054
-0.276290 -0.017987 0.230824
-0.271171 0.739369 0.279485
-0.327561 0.817855 -0.100794
-0.276903 0.523831 0.083772
-0.241800 -0.036151 0.068296
-0.207983 -0.064948 -0.287257
0.448591 -0.045104 -0.016377
-0.268542 0.365731 0.260590
-0.310919 -0.501399 -0.281999
0.063055 -0.056114 -0.290439
0.032301 -0.017987 0.221870
-0.187486 -0.067241 0.316564
0.448591 -0.123058 0.223293
-0.264787 -0.359111 -0.248003
-0.303803 0.476158 -0.024659
-0.327185 0.736700 -0.120835
-0.302558 0.359169 -0.268697
-0.299435 -0.332982 -0.277374
-0.243658 -0.017987 -0.153823
-0.143331 -0.037772 -0.306053
0.413765 -0.464735 -0.281505
-0.274294 0.483866 0.105652
-0.307914 0.683157 0.315082
-0.300700 0.330569 0.017678
-0.291371 0.745832 -0.052132
-0.029801 -0.017987 0.090907
-0.262376 0.638192 0.278181
0.204454 -0.036151 0.168248
-0.295304 0.247892 0.235607
0.448591 -0.103688 0.123085
0.306204 -0.036151 -0.228021
0.431336 -0.150017 0.294961
0.351861 -0.017987 -0.232844
-0.102260 -0.017987 -0.294471
-0.291252 0.743796 -0.228456
-0.308685 0.452855 0.279327
-0.280935 -0.061608 -0.279785
-0.164361 -0.017987 -0.087334
0.333717 -0.017987 -0.029541
-0.116036 -0.017987 0.101126
-0.078759 -0.017987 0.179296
-0.294889 0.241547 -0.152084
0.073728 -0.036151 -0.149376
0.198979 -0.017987 0.230428
-0.230673 -0.308809 -0.272472
0.448591 -0.317130 -0.303128
0.212380 -0.036151 -0.298048
-0.217845 0.016543 0.260590
-0.075083 -0.036151 0.225191
0.448591 -0.165098 -0.312022
-0.316137 -0.577653 -0.274133
0.156820 -0.126852 -0.295756
0.428727 -0.375556 0.294961
-0.283327 -0.096711 0.299053
-0.277872 0.538853 -0.232606
-0.180984 -0.102561 -0.276623
0.399416 -0.158022 -0.337005
0.427818 -0.017987 -0.113917
-0.240753 -0.212830 -0.302495
0.313932 -0.017987 -0.121883
0.046788 -0.017987 -0.175782
-0.232313 -0.133078 0.260590
-0.215869 0.103430 0.295475
0.121046 -0.036151 0.347378
0.200007 -0.036151 0.280632
-0.299653 0.349010 0.067723
-0.279393 -0.692468 -0.248003
0.440567 -0.253783 -0.281505
0.412263 -0.105348 -0.111605
0.394119 -0.717984 -0.313781
0.428055 -0.017987 -0.190823
0.324922 -0.017987 0.142553
-0.260103 -0.222080 0.260590
0.335614 -0.102700 -0.305875
-0.327679 0.744172 0.050429
-0.151593 -0.020833 0.336151
-0.274096 -0.338160 -0.302495
0.448591 -0.115824 0.045685
-0.076130 -0.057616 -0.309907
0.448591 -0.624674 -0.310204
-0.295008 -0.267876 0.281541
-0.301590 -0.441156 -0.248003
-0.277852 0.538438 0.172181
-0.178276 -0.017987 0.023489
0.178305 -0.017987 -0.312101
-0.326118 0.720394 0.093417
0.408547 -0.345355 -0.281505
0.448591 -0.511618 0.331526
-0.048934 -0.057458 0.324391
0.448591 -0.679581 0.321782
0.366507 -0.077736 0.347892
-0.329083 0.765775 0.261262
-0.330427 0.786310 0.051911
-0.314121 0.536540 0.047444
-0.235654 0.222257 -0.248003
-0.183276 -0.017987 -0.204520
-0.153807 -0.126971 -0.298068
-0.295700 0.254078 0.037522
-0.263226 0.314065 -0.073162
0.283079 -0.017987 -0.329356
0.332333 -0.060976 -0.333309
0.454778 -0.017987 0.087429
-0.058500 -0.036151 -0.199777
-0.268523 -0.493315 -0.248003
0.028387 -0.036151 -0.221123
-0.299336 0.309697 0.159156
-0.260340 -0.192136 -0.248003
0.434736 -0.597062 -0.281505
0.390265 -0.036151 0.115218
-0.123171 -0.017987 -0.240295
-0.247829 0.290090 0.315082
0.192575 -0.115567 -0.297772
-0.257553 -0.597714 0.286601
-0.268977 -0.188579 -0.302495
0.254301 -0.036151 -0.171295
-0.294197 0.789176 -0.086662
-0.234349 0.315884 -0.281129
0.412263 -0.105032 0.251439
0.454442 -0.017987 0.014950
0.394119 -0.044215 0.329293
-0.296787 0.270483 0.210209
0.221155 -0.092007 -0.326945
0.270785 -0.017987 0.060864
-0.264609 -0.282324 -0.302495
0.394119 -0.808231 0.339492
-0.292774 0.586091 0.078020
-0.218162 -0.078013 -0.248003
0.443709 -0.239632 0.294961
0.190480 -0.036151 -0.181336
0.272208 -0.036151 -0.084408
-0.288742 0.501596 -0.302495
-0.250280 -0.133098 0.315082
0.448591 -0.080800 -0.069960
-0.025670 -0.017987 -0.081384
0.447603 -0.126971 -0.254783
0.394119 -0.490687 0.303796
0.448591 -0.564608 -0.337381
-0.167583 -0.036151 0.292293
-0.318884 0.609295 0.270393
-0.243303 -0.444634 0.302334
-0.215889 0.103706 -0.253360
0.430447 -0.559113 -0.281505
-0.116194 -0.047615 0.320596
-0.003889 -0.017987 -0.014282
0.448591 -0.069178 -0.167441
-0.196618 -0.017987 0.186194
0.079816 -0.036151 0.263594
-0.090519 -0.036151 -0.065908
-0.254667 -0.566723 -0.289925
-0.322758 -0.674995 0.265511
-0.015531 -0.017987 0.278062
-0.264016 0.326300 -0.244782
0.280253 -0.017987 0.164512
0.448591 -0.323415 0.331645
-0.129950 -0.017987 -0.087254
0.338698 -0.017987 0.307413
-0.228202 -0.017987 0.003941
-0.290660 0.661060 -0.248003
0.212044 -0.017987 0.088990
0.392795 -0.122623 -0.336788
-0.260281 0.269041 0.020425
0.130632 -0.059731 -0.321746
-0.302855 0.363675 0.286699
0.005578 -0.050224 -0.314572
0.441337 -0.674482 -0.281505
-0.045989 -0.096889 -0.311627
0.127113 -0.017987 -0.303800
0.122508 -0.036151 -0.189499
-0.268384 0.470248 -0.248003
-0.070774 -0.036882 -0.282869
0.027379 -0.124125 0.328700
0.448591 -0.038938 0.175917
-0.145822 -0.017987 0.170521
-0.316552 0.700708 -0.248003
-0.310938 0.544841 0.260590
-0.296134 0.396545 0.315082
0.418252 -0.501953 -0.337499
-0.150229 -0.036151 -0.052547
-0.290561 -0.388719 -0.248003
0.315691 -0.036151 -0.264705
-0.291411 -0.215261 -0.284845
-0.236563 -0.372077 -0.258242
-0.264649 -0.154682 0.260590
-0.260518 0.272677 -0.233535
-0.026303 -0.017987 0.229677
-0.252770 -0.396882 0.260590
0.394119 -0.315766 0.337891
0.447089 -0.805642 -0.338290
-0.230238 0.063366 -0.248003
-0.172643 -0.017987 0.088871
-0.258186 -0.017987 0.189317
-0.101449 -0.036151 -0.141233
-0.254648 0.087618 0.260590
0.448591 -0.187847 -0.285399
-0.259312 0.254335 -0.131726
-0.261427 -0.639478 0.279307
0.448591 -0.784217 -0.285122
0.333895 -0.017987 -0.290300
-0.275559 -0.791214 0.260886
-0.282398 -0.542847 -0.248003
0.426158 -0.788051 0.294961
0.138775 -0.017987 0.014100
-0.245398 0.000296 -0.248003
-0.295206 0.246410 0.155717
-0.330249 0.783741 -0.026675
-0.058875 -0.094319 0.323838
0.412263 -0.062399 -0.126231
-0.312796 0.516044 -0.026181
-0.095184 -0.017987 0.269029
0.238746 -0.017987 0.233907
0.332116 -0.017987 0.173565
0.059833 -0.036151 -0.232448
-0.253620 -0.036151 -0.030292
0.448591 -0.098154 -0.272117
0.448591 -0.191662 0.317118
-0.055377 -0.036151 0.028153
-0.233954 0.311436 0.291443
-0.240377 -0.309125 -0.302495
-0.192032 -0.126971 0.303855
-0.284315 0.571287 0.237801
-0.316848 0.578106 0.289783
0.448591 -0.553263 0.309528
-0.281647 -0.082164 -0.248003
0.218961 -0.106178 0.339551
-0.271903 -0.163062 -0.248003
0.125987 -0.017987 -0.095714
-0.256229 -0.068052 0.260590
-0.320465 -0.641336 0.285079
-0.297874 -0.736484 -0.302495
-0.296648 0.710670 0.028074
-0.263601 0.320054 -0.177679
-0.133508 -0.036151 0.078772
-0.236978 0.346183 0.262981
0.149942 -0.036151 -0.256107
0.394119 -0.751763 -0.302021
-0.277970 -0.035341 -0.102197
-0.259391 -0.225796 0.315082
-0.288782 0.532607 -0.302495
0.232915 -0.036151 0.102944
0.426178 -0.730891 0.294961
-0.242769 0.412870 -0.294668
-0.214841 0.033679 -0.248003
-0.247928 0.472067 -0.273401
-0.299692 0.315172 0.289032
0.279877 -0.017987 -0.001949
-0.303882 -0.817205 0.299645
-0.326988 0.733617 0.241694
0.118614 -0.036151 0.299606
0.424537 -0.783229 0.350264
-0.147482 -0.036151 0.199555
-0.296549 0.266847 0.102569
-0.045514 -0.017987 0.323581
-0.239429 0.374447 -0.264705
-0.256348 -0.017987 -0.080475
-0.251900 -0.536897 -0.296467
-0.309160 0.475802 -0.132082
-0.197290 -0.036151 0.089148
-0.320762 0.638172 0.285059
-0.292241 0.476909 0.242485
-0.276053 0.510826 -0.247470
0.170122 -0.036151 -0.125460
-0.257039 0.070224 -0.302495
0.401748 -0.826514 -0.337064
-0.259530 0.133927 0.315082
-0.263463 0.650802 -0.298957
-0.082455 -0.017987 -0.205469
-0.318884 0.817539 0.261894
0.018129 -0.017987 -0.161867
-0.293170 0.710887 -0.190151
0.419260 -0.226626 -0.281505
-0.078818 -0.036151 0.133185
-0.100579 -0.080523 -0.281169
-0.270361 -0.446018 0.260590
-0.278563 0.549209 -0.204145
-0.311571 -0.596410 0.260590
0.169410 -0.020754 -0.340919
-0.209939 0.035319 -0.296309
0.034475 -0.098470 -0.288818
-0.302360 0.708199 0.260590
-0.286015 0.306396 -0.302495
0.434756 -0.036151 0.359079
-0.251050 -0.036151 0.260333
-0.291075 0.741266 -0.081977
0.448591 -0.121279 -0.099331
0.438195 -0.710395 -0.281505
-0.252197 0.223838 -0.302495
0.436100 -0.764373 -0.337993
0.132272 -0.017987 -0.212090
0.321937 -0.017987 0.358071
-0.036383 -0.036151 -0.025153
-0.326731 0.729723 -0.210134
0.416058 -0.036151 0.176707
0.069083 -0.017987 -0.126073
-0.316967 0.591111 -0.248003
0.450923 -0.017987 -0.065473
