-1.083355 -0.026877 0.400814
1.647038 -0.052057 -0.406156
0.196889 -0.057487 -0.292257
1.005768 0.053905 0.481941
-0.880961 -0.009266 -0.454375
-0.332109 -0.064293 0.251833
0.928581 0.100768 -0.301803
1.643812 -0.069574 0.311964
0.300414 0.005276 0.318980
-1.335700 0.177403 -0.189972
-0.734437 0.207883 0.008262
-0.347407 -0.022730 -0.251381
1.268654 0.012826 0.022567
0.693497 -0.110505 0.051804
-0.106968 0.252774 0.031379
-1.028284 -0.084414 -0.033974
-1.362337 0.161132 0.207367
-0.698554 -0.110505 0.273916
0.386547 0.102553 -0.025380
-1.255553 -0.058900 -0.444557
1.622362 -0.073442 -0.043683
-0.660343 -0.107715 -0.114856
0.683487 -0.048839 0.428935
1.318937 -0.034000 0.389800
1.316343 -0.054084 -0.360574
-0.013120 -0.106674 0.235161
0.936330 0.096695 0.086724
-0.437663 0.132438 0.000239
0.723793 -0.057171 -0.465852
-0.067693 0.010111 -0.144010
-1.034070 0.211453 0.008262
0.920467 -0.128878 0.285638
-1.083422 0.101921 -0.294977
1.047903 -0.099384 -0.450078
0.122929 0.101791 0.116721
-1.260608 0.011580 0.015714
0.405935 -0.110505 0.119985
0.647271 0.105436 -0.068513
-1.049435 -0.138957 -0.283881
1.459842 -0.052726 0.153817
-0.905936 0.062571 0.267634
-0.817110 -0.018193 0.055393
0.358811 -0.110505 -0.118772
0.168023 0.101791 -0.104195
-0.150400 0.074733 0.161894
-1.264466 -0.061504 0.272257
0.844644 0.096528 0.331708
-1.118440 0.103650 0.209950
0.867491 -0.138102 -0.314667
1.434700 -0.045250 -0.159539
0.963733 -0.110300 0.013701
0.560374 0.061493 0.123792
-0.539857 0.032185 0.161051
0.710291 0.025416 -0.270935
-0.880263 -0.082889 0.425454
-0.898287 0.014537 -0.243413
-1.253924 -0.028755 -0.189972
-0.254025 0.085761 -0.083852
1.082289 0.100043 -0.060409
-1.019471 -0.087743 0.183107
0.090937 0.053161 0.313813
0.791767 -0.110505 -0.127856
1.045608 0.038415 0.284931
0.010026 -0.042944 0.034235
0.556716 -0.110505 -0.115726
-0.523196 0.034509 -0.148280
0.892033 -0.131667 0.479412
-1.220203 0.193229 -0.031472
1.063799 -0.063326 -0.268760
0.313052 0.080907 -0.256304
0.761738 0.045053 0.122759
1.490071 -0.078556 0.433667
0.859011 0.074119 -0.465852
-1.072181 -0.086385 -0.454375
-1.254888 -0.004673 0.449795
0.250464 -0.022470 0.101410
1.487344 0.044049 0.006304
0.880327 0.057755 -0.077733
0.082590 0.074026 -0.274417
-0.178800 0.005369 -0.279393
0.037794 -0.109259 -0.209961
-0.646375 0.060637 0.000892
-1.138759 0.079010 -0.454375
1.580792 -0.070467 -0.250484
1.057547 -0.100928 0.434157
-0.663968 -0.110505 0.054224
1.040487 0.068317 -0.447657
-0.318042 0.070028 0.099941
0.180960 -0.098752 0.269483
-1.176139 0.223002 -0.189972
0.753723 -0.090588 0.284931
1.642215 -0.069667 0.120365
0.381791 0.091712 0.138941
-0.223828 -0.109891 -0.172376
-0.109628 0.006689 0.303886
1.472345 -0.028012 -0.387662
0.810757 0.053998 0.481941
0.885948 -0.099254 -0.465852
-0.466030 -0.110449 -0.129841
-0.696658 0.007842 0.170978
-1.081959 -0.012223 -0.189972
-0.940356 0.059633 0.008262
-0.560010 0.223411 0.008262
-0.971184 0.063296 0.451019
-1.225823 0.203624 0.120420
-1.160276 -0.038147 0.154878
-0.111657 0.124571 -0.048605
0.884750 0.001984 0.198664
-0.769555 -0.019569 -0.172757
-1.157283 -0.034223 -0.335391
-0.909993 -0.104498 0.280389
-0.479033 -0.097171 0.196352
0.170717 -0.042944 -0.085266
1.129745 0.095747 0.077586
0.549899 -0.110505 0.096297
0.497421 0.074901 -0.113115
-0.207500 -0.108943 0.197522
-0.018175 0.099541 0.095345
1.460107 -0.063828 0.295619
-1.160974 -0.108720 0.009622
-0.894064 0.193508 0.008262
-0.224693 0.155887 0.033963
0.854587 0.000497 -0.239415
0.320135 -0.110505 -0.256793
-0.914217 -0.106655 -0.177788
-1.121400 -0.132541 0.264588
-0.947805 0.084106 -0.378850
-0.117809 -0.021763 -0.020104
-1.039258 0.212848 -0.193426
-1.185949 -0.117850 0.403017
-1.170452 0.087509 0.335570
0.033205 0.096658 -0.082465
-1.019105 -0.136726 0.356946
-1.172813 0.086746 -0.189972
-0.813452 -0.108478 0.187268
-0.895826 -0.094289 -0.321357
0.225988 0.098462 0.258849
-0.239991 0.027313 0.282428
0.696091 -0.026914 -0.050101
0.824358 -0.053749 0.397687
0.359111 -0.110505 0.298202
-0.102678 -0.091853 -0.239687
1.371115 0.069117 -0.045043
0.131575 -0.042275 0.164152
0.318938 0.059094 -0.129324
1.358578 -0.022302 0.226594
-0.948902 -0.116828 -0.439580
-1.245510 0.099392 0.209950
-0.865198 -0.108720 -0.019369
-0.438195 0.005797 0.257680
1.017042 0.008828 0.049410
1.110357 -0.016631 -0.374880
-0.065930 0.067481 -0.254862
0.724957 -0.093917 -0.346568
0.254987 -0.042275 -0.176646
-1.279464 -0.011107 -0.309772
0.797421 0.090112 -0.329897
0.255885 0.100359 0.099696
0.687145 0.011431 0.300650
-0.597889 -0.068217 0.204212
0.945309 0.010594 -0.396528
-0.370120 0.051599 -0.099898
-1.131343 0.149955 0.045712
1.609958 -0.037217 0.422163
0.981458 -0.128432 -0.348771
0.896323 -0.002981 0.023737
-1.151696 0.067425 0.451019
0.946939 -0.067770 0.396381
-0.267260 0.057810 -0.219072
-1.006801 0.099132 0.316315
-0.966861 -0.080862 0.066190
-1.158147 -0.038147 -0.104603
0.851129 -0.109092 -0.018553
-1.059677 -0.003966 0.253927
0.784917 0.040832 -0.142922
-1.075440 0.149955 -0.101937
-1.209627 0.071051 -0.361962
0.012287 0.085649 0.234073
-0.864333 0.028038 0.393498
1.106034 0.004978 0.449768
-0.566562 -0.083205 -0.180344
-0.764533 -0.002869 -0.059049
-0.468657 -0.019271 -0.234084
-1.152959 -0.110579 -0.243413
-0.896791 -0.029629 0.140491
-0.358980 -0.106730 -0.175830
1.352725 -0.020759 -0.258452
0.333836 -0.011200 0.025641
0.183687 0.055672 -0.226959
-0.080330 -0.004971 0.090830
-0.975607 -0.032475 0.366737
0.941917 0.026587 0.328118
-0.445977 0.043194 0.068366
-1.059278 -0.002423 -0.380183
0.471881 -0.034186 -0.115943
-0.176439 0.036481 -0.148389
-0.634004 0.018795 -0.149069
1.134634 0.014128 -0.011455
-0.813751 0.082971 0.008262
-0.352062 0.203271 0.008262
1.603838 0.007563 0.049954
0.437029 -0.110505 -0.039549
0.908595 0.099169 0.422571
0.322463 -0.053098 0.211636
-0.548038 0.109043 0.011227
0.706600 0.043956 -0.428946
0.832805 -0.056483 -0.381081
1.079363 0.044179 -0.290272
1.448701 -0.063196 -0.286437
1.515744 -0.064609 -0.052413
-0.961207 -0.032958 -0.116188
1.576436 -0.071118 -0.139631
-0.787147 -0.109649 -0.091385
1.254487 0.085296 -0.053718
-1.189674 0.020543 0.253927
0.043082 0.020562 0.156183
-0.969887 -0.002163 -0.322527
1.561205 -0.069742 0.246584
-1.259777 0.032055 0.333721
0.316277 0.064784 0.216940
-1.048270 0.149955 0.109487
-0.371284 0.052678 0.192245
-1.058746 0.103037 0.410115
-0.987512 0.091953 -0.255298
0.601512 -0.110505 -0.021654
0.976702 0.010427 -0.282412
0.789041 0.022570 0.284931
0.660141 -0.110505 -0.114121
-0.848537 -0.007239 -0.349315
1.406167 0.055579 0.068013
0.140188 -0.110003 -0.215944
-0.361939 -0.110244 0.165267
0.244246 0.037559 -0.318556
0.833803 -0.137972 0.340302
-1.083222 -0.115749 0.451019
0.895525 -0.004450 0.457464
0.039889 0.012733 -0.139686
0.193331 0.034677 0.330892
-1.140090 -0.131165 -0.360221
-0.695594 -0.092931 0.160127
0.093032 0.092437 -0.170771
-0.166329 0.253239 -0.049965
-1.017310 0.051023 -0.454375
-0.004407 -0.022488 -0.237212
0.796556 -0.100258 0.481941
0.676104 0.094222 0.111228
-1.062670 -0.089863 0.089770
0.785715 -0.086460 -0.268760
0.679929 -0.009936 0.113675
-1.278234 0.096881 -0.189972
-0.006502 -0.011200 0.259692
0.838359 0.106105 0.081774
0.131742 0.094650 0.230538
-0.193732 -0.012763 0.182074
-0.200250 0.248925 0.061893
-1.060575 0.086765 -0.189972
0.715412 0.030995 0.475849
-0.757782 -0.110505 0.027408
0.599450 0.028224 -0.103515
1.226453 0.094482 0.054142
0.282556 -0.110505 0.126675
-1.107233 -0.028383 0.001545
1.394793 -0.076883 -0.418965
-0.532641 0.028949 -0.040854
0.930144 -0.072513 -0.268760
1.016077 0.108430 0.034534
-0.964400 -0.012986 0.253927
-1.159711 -0.009118 0.346122
-1.006435 -0.063902 -0.243413
1.098817 -0.061094 0.357817
-1.230578 -0.094754 -0.327449
0.232639 0.034156 -0.085592
-0.550765 0.026624 0.058929
-0.004141 0.085742 -0.181922
0.792865 0.103948 -0.073109
1.412851 -0.036752 0.398883
-0.988211 -0.071732 0.451019
1.523194 -0.034688 0.069916
0.478266 0.018089 0.131516
0.215247 0.056639 0.176798
-1.225357 0.060842 -0.261226
-0.787180 -0.020294 0.184630
-1.054456 0.102721 -0.387934
-1.169687 -0.025947 -0.441756
0.303807 0.060470 -0.023503
-0.948138 -0.031675 -0.025189
-0.241753 0.066365 0.159256
1.040853 -0.053191 0.284931
-1.153259 0.007600 -0.243413
0.972811 -0.086069 0.481941
1.541018 -0.063754 0.337392
0.880095 -0.001010 -0.147056
0.981757 0.005964 -0.034246
-0.590506 -0.110449 0.124255
-0.975208 -0.020871 -0.411105
0.107066 -0.057840 0.301847
0.856317 -0.067603 0.268042
-0.120603 -0.042275 0.230103
-0.074976 0.080386 0.216994
-0.726788 0.017512 0.018570
0.074974 -0.110114 0.226948
1.577500 -0.068682 -0.354347
1.163466 0.014462 0.080740
-0.684553 -0.044971 -0.182683
-0.323197 0.099987 -0.031771
1.323692 0.080442 0.051450
0.083188 -0.036120 -0.226415
0.709027 0.041446 0.380009
0.294295 -0.034650 -0.291305
0.440122 0.103353 0.075165
0.404804 0.071776 -0.121845
-1.023861 -0.009490 0.017237
0.676503 -0.014139 -0.371834
-1.328782 0.026513 -0.189972
-1.033937 -0.017560 0.127790
1.048734 0.064375 0.407640
0.404505 -0.026226 0.138505
0.339157 0.101958 0.046636
0.951228 0.098815 -0.384834
0.949865 0.061344 -0.465852
0.786679 0.027740 -0.465852
0.743247 -0.020090 0.056508
0.877434 0.035551 -0.321793
-0.161141 0.098425 0.081067
-1.267924 0.021046 -0.418884
1.544976 -0.065595 0.163553
-0.424360 0.042729 -0.197533
1.591866 0.012138 -0.033049
-0.861174 -0.060369 0.331844
0.163434 -0.015403 0.257462
-0.839059 -0.053674 -0.141943
-1.015913 -0.091406 -0.165386
0.911521 0.001147 0.119985
-1.246475 0.179170 -0.189972
-0.049070 0.101791 -0.097749
-1.263269 -0.063940 0.392628
-0.210194 -0.049453 0.275085
0.999483 -0.127781 0.374678
-0.038894 0.033877 0.159474
-0.277437 -0.064479 -0.242379
1.458544 -0.001530 -0.055432
0.884850 -0.005045 -0.448963
0.518206 -0.110505 0.021833
-0.906834 -0.005752 0.041986
1.642615 -0.069816 0.201193
-0.896658 0.058294 -0.311023
0.126554 0.022682 0.102144
-1.242584 -0.064907 -0.001746
0.160674 0.055412 -0.304088
-1.223661 -0.099775 0.330022
1.178199 0.099652 -0.034654
0.818538 -0.001958 -0.084722
-0.109562 0.132475 0.030917
-0.929381 -0.018248 0.451019
-1.039425 0.034918 -0.312056
0.867624 0.031292 0.370490
-0.023629 0.002356 -0.078549
-0.620868 0.020860 0.152702
0.783587 -0.123374 -0.389865
-0.447839 0.043119 -0.107785
-0.967260 -0.126591 -0.326117
-0.174377 0.096602 -0.086707
-0.654257 0.012789 0.062573
-0.108032 0.078397 -0.189646
-0.349568 0.055133 -0.177951
-0.853326 0.013086 0.305953
0.690703 -0.050048 -0.277109
0.597454 -0.007239 0.120828
-0.888909 -0.033033 0.253927
0.240155 -0.000340 -0.246894
0.249866 -0.077031 0.298583
0.994727 -0.115768 -0.271452
-0.101215 0.048661 -0.075285
-0.928716 0.062571 -0.450948
0.246840 -0.042275 0.197875
-1.204972 0.177478 0.190423
0.173178 -0.042275 -0.197478
1.003606 0.086356 -0.289973
0.281758 -0.110021 -0.123368
1.589538 -0.071787 0.026103
-1.059910 -0.048356 -0.118908
-0.197457 -0.064367 -0.252279
0.794993 -0.020796 0.460891
-1.044546 -0.083912 0.255858
-1.139524 -0.037886 0.255858
0.298585 0.033133 0.078619
-0.973246 -0.013730 -0.189727
-1.198952 -0.057487 0.451019
-0.313652 0.048940 0.242803
0.247604 0.056639 -0.184805
0.864730 0.032352 0.265975
0.913816 0.097458 0.299100
1.373277 0.006410 -0.001528
0.788874 0.084608 0.415500
-0.159279 0.069842 0.237555
-0.940722 0.081075 0.383354
0.907497 -0.068514 -0.385922
0.277601 0.101995 -0.082546
-0.385584 0.095115 0.040599
0.806400 0.007024 -0.349424
-1.070785 0.149955 -0.016024
0.926220 -0.140835 0.387760
0.617441 -0.078649 0.085337
-1.060941 -0.073126 -0.317713
-0.700216 0.008233 -0.116052
-1.160974 0.089703 -0.308711
0.252626 -0.110505 -0.288205
1.394294 -0.024850 -0.365878
1.275904 0.012584 -0.051325
-1.086814 -0.108720 0.008072
-0.061707 -0.025557 -0.284207
-1.176605 -0.036882 -0.022687
-1.098753 0.032557 0.342750
-0.630014 0.200072 0.008262
1.090437 0.029488 0.357790
-0.017444 0.046913 0.303750
0.795492 0.049535 -0.268760
1.375605 -0.027007 0.336522
1.643712 -0.073052 -0.287906
-1.000349 0.097644 -0.327096
0.733670 0.042971 -0.091004
-0.849834 -0.082945 0.050498
-0.462505 0.048680 -0.036857
-0.922564 -0.076678 -0.243413
-1.210126 -0.050885 -0.243413
-0.085851 -0.105781 0.234073
-0.422232 -0.071081 0.233013
0.342882 -0.110505 0.084330
0.076204 -0.018844 -0.085565
0.692732 -0.110505 -0.020566
0.569387 -0.031917 -0.077189
-1.181526 -0.096000 -0.454375
0.785848 -0.093917 -0.465852
1.039855 -0.001456 -0.465852
-1.067193 0.036425 -0.245534
-0.824460 -0.002367 -0.014392
0.927151 -0.057282 0.284495
-1.041154 0.037038 0.432416
1.539322 -0.078724 -0.414206
-1.170020 0.158844 0.130727
0.764930 -0.110505 0.056291
-0.537130 -0.001642 -0.223723
-1.082158 0.165186 0.209950
0.813517 -0.001010 0.202988
-1.135700 0.018647 -0.378225
1.348967 -0.078017 0.437176
0.254655 0.002765 0.264424
-0.084886 0.204554 -0.016024
-0.978134 -0.015087 0.171658
-0.010726 -0.042275 -0.169303
0.786081 0.087472 -0.427668
-0.297490 0.160425 -0.005554
0.948468 0.024170 0.420341
0.139623 0.056639 0.168421
0.456716 -0.110505 0.070950
-0.390672 0.079754 -0.031363
-0.705637 -0.110505 -0.061007
-1.232108 0.057029 0.424856
-0.846541 -0.020964 -0.280481
-0.092701 0.101791 0.096134
-0.031810 -0.106693 -0.216679
0.772313 -0.121068 0.368858
-0.055920 -0.048021 0.292600
0.108097 0.027275 -0.136939
0.880593 0.075886 0.481941
0.765728 -0.019773 -0.268760
0.573776 0.092902 -0.104793
0.721731 0.106124 -0.064434
-0.963834 -0.125791 0.414711
1.505202 -0.066729 -0.246078
-0.506070 0.026773 0.221509
-1.110825 0.134576 -0.189972
-0.003443 0.055542 -0.282412
1.037195 -0.007667 0.481941
0.323228 0.064524 0.291730
-0.474310 0.040999 0.142068
-0.199718 0.140639 -0.028290
0.049932 0.089554 0.176662
-1.074576 -0.072494 -0.245915
-1.149235 -0.057171 0.089770
-0.961839 -0.087427 0.134344
-1.194429 0.036778 -0.454375
-1.039192 0.043473 0.208862
0.859908 0.075272 -0.268760
-0.498022 0.163791 0.008262
0.283687 0.016936 0.146474
-1.207998 -0.096948 0.256782
1.462103 -0.052224 0.228226
-0.676106 0.009311 -0.032995
-1.129348 -0.093694 -0.077243
0.990703 -0.031154 0.433831
0.494894 -0.097804 -0.089835
0.259177 0.073487 0.313242
0.069387 0.014072 -0.304006
0.186115 -0.043893 0.315037
-1.206202 0.178501 -0.096253
0.039590 -0.042275 0.220774
-0.651696 -0.110505 -0.012162
0.119803 0.015020 -0.250946
-0.827818 0.206432 0.008262
-0.269854 0.010706 -0.267264
-1.116046 0.099522 0.373291
0.044911 0.076946 0.099859
-0.639924 0.001092 0.213649
0.864930 -0.064516 -0.250076
0.728116 -0.098324 0.431437
0.366726 -0.044692 -0.125462
-0.987579 0.015932 -0.247519
0.764830 0.103874 0.091945
0.531442 0.017884 -0.109906
-0.448437 -0.076660 -0.207350
0.469919 0.103799 -0.060001
0.984617 -0.086888 -0.465852
0.845475 -0.069109 0.333530
1.396389 -0.034074 0.148704
-0.281028 0.100656 0.054251
0.979330 -0.044525 -0.410589
-1.109594 -0.135759 -0.431176
0.663833 0.014332 -0.097885
-0.748870 0.095431 0.008262
-1.005371 0.025471 0.356620
1.083121 -0.054753 0.478759
1.340553 -0.015217 -0.407760
-0.052828 -0.042944 0.015143
-0.995461 -0.009527 0.426787
-0.294264 -0.109315 -0.166692
0.978531 0.058963 0.284931
-0.143050 0.198473 0.033228
-0.987612 0.047880 0.253927
1.537593 -0.039207 0.412835
1.507763 -0.067659 -0.116868
-1.026954 -0.131816 -0.443741
0.699416 -0.073182 0.370844
-0.883655 0.091321 0.008262
-0.362671 -0.009973 0.269374
-0.308764 0.060135 -0.118718
0.186846 0.100582 0.126593
0.874641 -0.064832 0.447809
-1.086249 0.054872 0.253927
-0.610925 0.018126 -0.032016
0.956084 -0.137823 0.444573
-1.255254 0.006410 -0.244745
-1.009594 -0.068235 -0.437595
1.387211 -0.031154 -0.200361
0.149134 0.043343 -0.085592
1.275671 0.044496 0.077939
1.522562 -0.011572 0.010112
1.626918 -0.073480 -0.206208
0.860341 0.021957 -0.396528
-1.114516 0.028558 0.404268
-1.126388 -0.134327 0.388059
-0.539192 -0.053284 0.223548
1.006865 -0.038556 0.008262
0.271083 -0.101727 -0.192066
1.044810 0.010520 -0.034490
0.061572 -0.002442 0.318572
0.259876 0.099745 0.162438
-0.959478 -0.076306 0.253927
0.712419 0.048196 -0.329299
1.055153 -0.098454 -0.319862
-1.113385 -0.031024 -0.414967
-0.131976 -0.109594 -0.187497
1.379629 -0.029481 -0.134954
0.635599 -0.033516 -0.063047
0.807863 0.008865 0.101954
-0.116180 0.039660 -0.278659
1.068156 0.103241 0.073860
0.131243 0.091786 -0.240312
-1.157948 -0.023418 -0.189972
0.963633 0.108392 0.001545
0.129314 0.042506 0.266355
0.225124 0.098202 -0.244419
-0.485218 0.033152 -0.200769
-0.939790 -0.057710 -0.454375
1.396024 -0.033367 0.278757
0.172014 0.080498 0.295891
-0.260343 -0.098361 0.226921
0.798618 -0.011275 0.335244
1.491601 -0.064479 -0.342190
-1.142451 -0.050346 -0.278088
1.440121 0.055077 -0.041072
-0.026921 -0.034613 0.094692
-0.974410 -0.098957 -0.008872
0.991801 -0.089677 0.284931
-1.112188 -0.035376 0.192273
0.723128 -0.035208 0.284931
-0.733439 -0.048988 0.186643
-0.206868 0.220733 0.008262
0.871814 -0.141486 0.415119
1.447271 -0.000991 0.014273
-0.777303 -0.005064 0.099397
1.482023 -0.063977 0.352296
0.310823 -0.022433 0.262738
-0.583755 -0.012037 0.232360
-0.152362 -0.029090 -0.232507
0.015413 0.024095 0.097738
0.496523 0.102907 0.096732
-1.275174 0.151945 0.209950
0.940653 0.070754 0.481941
-0.637662 -0.110505 0.220339
1.441684 -0.078538 -0.376947
-0.184820 0.007545 0.295456
0.510291 -0.066766 0.107230
-0.905770 -0.102397 0.042122
0.781891 -0.122630 -0.330087
0.925821 0.038656 -0.268760
-0.661440 -0.059886 0.196325
1.595391 -0.023530 -0.389131
-0.279166 -0.017467 0.278458
0.061539 -0.042275 -0.144853
0.172081 0.097198 -0.186219
-0.259213 0.121986 -0.029405
-1.040622 0.031032 -0.189972
0.345609 -0.025501 0.144026
-0.480363 -0.051703 0.234155
-0.648404 0.015374 -0.089182
0.924391 -0.137693 -0.338192
-1.181061 0.144934 -0.189972
-1.315081 -0.030596 -0.189972
0.077601 0.088718 0.252159
-1.264067 -0.004766 0.257625
-0.249302 0.083938 0.103885
0.315380 0.019762 -0.295657
1.104205 -0.045994 -0.307215
-0.853758 -0.020443 0.100730
-0.487613 0.068912 0.036655
-1.050100 0.100731 0.209950
1.062901 0.056174 -0.344882
0.910258 0.032259 -0.184125
-0.685717 0.010594 0.111472
0.930809 0.031999 -0.344447
0.989074 -0.028848 -0.323234
0.006234 -0.068217 -0.271180
-0.117809 -0.026263 0.037580
0.289839 -0.040657 0.146229
0.311588 -0.048393 -0.166474
0.187013 0.013644 0.150390
-0.640755 -0.079858 -0.168895
-1.012288 -0.098268 0.035377
-1.025790 -0.119729 0.451019
-1.185750 0.165427 0.056345
-1.096225 0.219989 -0.189972
0.025556 0.082451 -0.240666
-0.419339 -0.107176 -0.162966
0.457980 0.071683 0.133447
0.166760 0.056639 -0.139496
-0.905470 -0.069797 -0.031553
-1.016511 -0.027305 -0.087958
-0.891337 -0.030503 -0.138136
-1.018972 -0.014548 -0.155541
-0.963701 -0.075860 -0.078603
0.827451 -0.113741 0.284931
-0.628950 -0.110505 -0.067398
0.913184 0.039065 0.166110
-1.057649 -0.047575 0.169836
0.193697 -0.019773 0.102144
0.828748 0.019000 0.438427
-0.594230 -0.106544 -0.136586
-1.130978 -0.058082 0.347265
-1.062903 -0.054995 0.024906
0.325456 0.080200 -0.181432
0.963999 0.093032 0.432199
0.734534 0.060042 0.431301
1.639489 -0.000396 0.006902
0.025756 0.037578 0.268776
-1.172447 0.087918 0.209950
-1.032574 -0.051908 -0.380183
0.768223 0.000106 0.155775
-1.193432 -0.114633 -0.282086
-1.253192 -0.077552 -0.267509
1.073144 -0.051852 -0.465852
-0.747706 -0.000024 0.149139
-0.852661 -0.008039 0.434701
1.100414 0.105454 0.028197
-0.397357 0.047675 0.095671
1.331275 0.009627 -0.058532
-1.076505 -0.139032 -0.332780
-0.783356 -0.110505 0.234264
1.373077 -0.020703 0.434510
-0.635401 -0.103252 0.156482
0.293730 0.026122 -0.066147
-1.072448 0.058573 -0.454375
-0.387812 0.152801 0.013729
-0.012655 0.048364 -0.141807
1.480061 -0.066264 -0.183581
0.931475 -0.033088 -0.436072
-1.091370 0.034268 -0.331257
0.897421 0.058034 0.094339
0.197322 0.056416 0.237011
-0.947672 0.084031 -0.316924
0.294561 -0.082889 0.266573
-1.165863 -0.058193 0.031488
1.619901 -0.073312 -0.098891
-0.576572 0.027089 -0.136422
-0.499452 0.035253 0.093305
-0.583589 0.170579 0.008262
-1.261972 0.025620 -0.189972
-0.117809 -0.026245 -0.074877
1.509858 0.018070 -0.053718
-0.018840 0.084719 0.153871
0.325456 -0.066078 0.111173
-1.254822 -0.075358 -0.372514
0.107731 -0.028681 0.102144
1.243879 0.092325 0.002388
-0.589508 0.074268 0.018597
0.112719 0.010092 0.153382
0.417075 0.103223 -0.073436
-0.117144 -0.056929 0.282347
-0.400583 -0.012725 -0.246731
-0.719571 -0.106042 -0.113278
-1.109561 0.063668 -0.193426
-0.920502 0.044347 0.451019
1.017341 -0.022433 -0.268760
-0.224294 0.038935 -0.260682
0.652991 0.045593 0.115035
-0.965497 -0.016705 0.307748
1.525455 0.033468 0.042910
-1.278566 -0.007221 -0.374309
1.402642 -0.075339 0.438508
-1.097157 -0.073163 0.253927
0.816576 0.051692 -0.083498
-1.224326 0.071628 -0.189972
-1.056584 -0.108720 -0.072538
1.408628 -0.035580 -0.263864
0.860773 -0.110505 0.034126
-0.859279 0.139021 0.008262
0.279330 0.049963 0.258822
0.877135 -0.072122 -0.301640
-0.119406 -0.046682 -0.270827
0.773909 -0.038593 -0.465852
0.905369 0.039475 0.230619
-0.744812 -0.097915 0.140028
-1.188410 -0.005212 0.451019
0.701279 -0.043223 0.478840
-1.039724 0.149955 -0.059212
0.920534 0.092009 -0.073327
-1.170053 -0.101783 0.451019
-0.054224 0.082209 -0.165359
0.811422 0.001073 -0.165522
-0.924327 -0.110654 0.330892
-0.060975 -0.042275 -0.144255
0.514348 -0.110505 -0.042513
0.848236 0.100080 -0.320106
-0.105239 0.069694 0.258740
-0.059545 0.029358 -0.290490
-1.020269 -0.055757 0.381695
0.569387 -0.110505 0.033500
-1.112454 0.149955 0.169890
0.321864 -0.057952 -0.253231
-1.074343 -0.139199 0.404975
-0.034670 0.077244 0.255694
-1.025391 0.006317 -0.419101
-0.968124 0.028317 -0.454375
-1.059145 0.088085 -0.243413
-0.974243 -0.128190 -0.274308
0.754421 0.001147 -0.114556
0.245343 -0.106990 0.256075
-1.194729 -0.046701 0.253927
-1.095361 -0.063345 -0.052413
-0.070553 -0.010215 0.260209
-1.021600 0.031013 -0.367945
-0.153659 0.240110 0.004292
0.110691 0.056639 -0.203570
1.554321 -0.068440 -0.294759
-0.330546 0.138779 0.027653
0.546374 -0.012149 0.125451
0.084053 0.101791 -0.088992
0.816377 -0.035952 -0.425383
-1.275773 0.004532 0.403643
0.795924 -0.061094 0.284931
1.330842 -0.077998 -0.403654
1.567490 0.020971 0.011281
-1.146342 -0.129715 -0.309310
-1.050466 0.149955 0.058222
0.271482 0.097681 -0.204250
0.746240 -0.025761 -0.039549
1.068621 -0.092876 0.384306
-0.531377 0.032185 -0.097776
0.090604 -0.042275 0.216260
1.412818 -0.029220 -0.413961
0.581458 -0.091964 -0.074986
1.488574 -0.073275 -0.411948
-1.009794 -0.095051 0.089770
-0.880629 -0.060053 -0.450486
-0.860642 -0.059644 -0.333460
1.524523 -0.046031 -0.378198
1.578398 -0.071229 0.075682
0.751661 0.073041 -0.349832
0.201645 -0.095795 -0.259268
1.025854 -0.109854 0.472803
0.897753 -0.111472 -0.268760
0.665529 -0.091444 -0.058804
-0.565697 -0.040434 -0.208221
1.365528 -0.052001 0.382538
0.902343 0.102702 -0.372894
0.871282 -0.047240 -0.425383
0.805036 -0.110505 0.026103
-0.467061 0.092400 -0.012679
0.197787 -0.042275 0.187404
-1.071982 0.077225 0.451019
1.352159 -0.020108 -0.339225
-0.130114 0.183206 -0.017873
0.750697 -0.030671 0.481941
0.405768 -0.099626 -0.105446
-1.090904 -0.070988 0.422762
-0.903642 0.063389 -0.388097
0.444644 -0.079486 0.120556
0.327418 0.053887 0.043699
-1.214549 0.068950 0.348407
-0.945644 -0.035915 0.036166
-0.903708 -0.010401 -0.020702
-0.307699 0.060302 0.147290
1.410523 0.002951 -0.045124
-1.112255 -0.037737 -0.160600
-1.024626 -0.033981 0.059962
-0.885550 0.048698 -0.431448
-0.094231 0.201002 0.038940
0.888275 -0.035748 0.248460
-1.065098 -0.037514 -0.421222
-0.891204 0.054314 0.361896
0.253524 -0.002628 0.331110
0.835665 -0.025575 0.253519
1.602442 -0.072234 -0.408739
1.474174 -0.060388 0.107583
1.357647 0.074101 0.001762
1.024258 -0.049639 -0.465852
-0.291338 0.061772 -0.164380
0.295393 0.017494 -0.251218
0.047106 0.089350 -0.186844
-1.008730 0.003639 0.242667
1.050098 0.065509 -0.400036
-0.936132 -0.066413 0.451019
-1.073944 -0.138883 0.272175
-0.123762 0.254950 0.076797
0.763001 0.046058 0.481941
0.844943 -0.099961 0.481941
-0.918873 -0.108310 0.411312
0.272679 0.056639 0.197739
-0.150067 0.075961 -0.122960
1.602309 -0.070448 0.336576
-1.251230 -0.011889 -0.454375
0.681857 -0.000991 0.434592
0.956283 0.094817 0.321727
-0.121434 0.077355 0.200268
0.947338 -0.117311 -0.465852
-0.611523 0.017642 0.041061
0.980926 0.091953 -0.347656
-1.127452 -0.054958 -0.375723
0.953822 -0.061001 -0.317387
-0.184886 0.077467 0.128606
-1.036664 -0.077850 0.139049
-0.864799 0.028651 -0.290952
0.878498 -0.005250 0.412699
0.326520 0.101809 -0.031662
-0.746375 -0.110505 0.273100
-1.110758 -0.035264 -0.245616
-0.391204 -0.088357 -0.205963
-0.938361 -0.009955 -0.454375
-0.927220 -0.023437 -0.243413
-0.178834 -0.037626 0.241117
0.043448 0.045760 0.312317
-0.868557 0.033728 -0.363267
-1.067758 0.154828 -0.189972
-0.778933 0.224750 0.008262
0.227052 -0.011963 0.148758
0.072979 0.042357 0.266464
0.744278 -0.110505 -0.126686
-0.818274 -0.012874 -0.129406
-0.862903 0.009051 0.259638
1.612186 -0.072457 0.237500
0.808129 -0.045901 -0.341972
0.356750 -0.093210 0.134181
-0.079499 0.056639 0.167905
-1.061207 -0.027119 -0.245616
0.113218 -0.014287 0.319252
0.213584 0.099708 -0.116705
0.927218 -0.079468 0.471579
-0.919471 -0.108571 -0.278061
-1.170153 0.087583 -0.381842
-0.985151 0.044886 0.008262
0.312187 -0.018788 0.066816
0.028383 0.049777 -0.082111
0.713517 -0.010140 -0.094159
-0.772913 0.009627 0.014327
1.494494 -0.058045 -0.295575
-0.215415 0.074157 -0.107948
-0.346442 0.075775 0.057896
-0.740888 0.001017 -0.138272
0.729247 -0.080676 0.062029
-1.224027 0.126357 -0.189972
0.502742 0.057922 0.129204
-0.515548 -0.106525 0.168639
-1.274742 -0.045455 -0.402430
-1.107200 -0.067213 -0.314477
0.816543 -0.052057 -0.275912
0.454987 0.094389 -0.113496
1.452758 -0.035748 0.423088
-0.187214 0.071330 -0.177516
-1.054290 -0.026803 0.437339
1.432372 -0.041847 0.326051
0.613251 -0.110505 0.049111
-0.779664 -0.110505 -0.013685
-0.691271 0.225177 0.008262
0.207265 -0.001084 0.263282
-0.501979 0.111052 0.016530
-0.220337 0.095338 -0.053446
-0.906734 -0.102136 -0.427070
0.919436 -0.045864 -0.232371
-0.205638 0.069638 0.188084
0.593098 -0.110505 0.112995
-0.317776 -0.079468 -0.225327
-1.130612 0.189008 -0.189972
-1.019105 0.095542 -0.441973
-1.120502 -0.038147 0.044705
-0.729448 -0.047277 -0.172050
0.250996 -0.048226 -0.299899
0.232540 -0.042275 -0.136314
-1.112221 0.046318 -0.243413
-1.018640 0.049684 -0.243413
-1.064832 -0.139887 0.352677
-1.135101 -0.128469 0.437502
0.897886 -0.004506 -0.398758
0.951029 -0.021057 0.412699
-0.077936 -0.003781 -0.078549
0.901877 0.037485 -0.446025
0.281226 0.095970 0.219714
-0.175275 -0.106507 -0.202156
1.327617 0.009832 -0.001855
1.285781 0.086486 -0.020348
-1.206734 -0.092894 0.002986
1.065628 0.052083 0.448299
0.882689 -0.026078 -0.267128
0.314548 -0.078519 -0.127012
0.277668 -0.072940 -0.272458
-1.013020 0.080907 0.451019
-1.220901 0.006299 -0.189972
1.025123 0.077151 -0.328836
-0.697090 -0.018546 0.207856
-0.164667 0.117895 -0.047925
0.991867 0.044477 -0.465852
0.254887 -0.037124 -0.225273
0.827783 0.041669 0.200187
-1.122597 -0.015775 0.381695
0.380394 0.102962 0.095372
-0.066396 -0.006272 0.305763
-0.710758 0.006299 -0.072348
-1.021899 -0.040880 -0.024754
0.258313 0.042840 -0.249614
0.854854 0.031850 -0.278714
-1.255420 -0.074521 0.349087
0.736430 0.065640 -0.295738
0.303973 0.091860 0.162792
0.799217 0.066179 0.284931
1.094261 -0.062043 -0.347792
1.463233 -0.049583 -0.221465
-0.238261 -0.083205 -0.231909
0.210757 0.052938 -0.132805
-0.239758 0.066383 -0.184968
-0.960176 0.050930 -0.243413
1.007763 0.082042 0.406335
-1.110525 0.050205 0.451019
-0.018907 0.003044 0.311610
1.091301 -0.071285 0.416044
1.150730 0.014314 0.030101
-0.967193 -0.027119 -0.285757
-0.053992 -0.005101 -0.245480
0.962236 0.020153 0.462414
0.934268 -0.000377 0.000838
-1.004872 -0.103810 0.255858
0.885515 -0.002125 -0.197206
0.429713 -0.044767 -0.107349
-0.683422 0.014053 0.026593
1.008728 -0.119319 -0.445617
-0.962371 -0.125456 -0.398405
-0.937596 -0.041922 -0.067752
-1.150066 0.040088 0.253927
-0.117809 0.014946 0.021942
0.265429 0.056639 0.151886
0.973876 0.012473 -0.363104
-1.212088 -0.026171 0.000974
1.563898 -0.067603 0.392138
0.740653 -0.009955 -0.465852
-1.034702 -0.071694 -0.081268
-0.697722 -0.003148 -0.182085
0.810624 0.011115 -0.283500
-0.935866 0.033635 0.253927
-1.110159 0.037838 -0.446107
-0.825790 -0.108720 0.024580
0.973776 -0.005045 -0.428185
0.722030 0.056025 0.108562
-0.247640 0.054854 0.249548
1.492266 -0.059105 0.258822
-1.135401 -0.060704 -0.437921
0.453391 -0.110505 -0.092174
-1.043648 -0.102918 -0.243413
-0.888942 -0.034148 0.451019
-0.859179 -0.024701 0.161650
0.942349 -0.120510 0.481941
0.271515 -0.101541 0.167687
0.187910 -0.042275 0.229668
-0.444148 0.021473 -0.229760
0.889040 0.100675 -0.449316
1.495492 -0.030950 0.407341
0.870750 0.096007 0.296190
-0.877802 -0.081141 0.297223
-1.068125 -0.045455 0.238126
0.161838 -0.076883 -0.276375
-0.450533 0.043845 -0.150782
1.638657 -0.017653 0.047126
-0.278634 -0.095553 -0.212626
-0.780994 -0.088580 -0.128318
1.550496 -0.069816 -0.173817
0.048802 0.094278 -0.122335
0.796523 -0.022749 0.407613
1.649532 -0.072159 -0.242488
-0.283888 0.089220 -0.044635
0.720135 -0.080825 -0.274389
0.297122 0.093162 -0.142895
-1.013917 -0.108645 -0.072321
-0.364999 0.016062 -0.250021
-0.536099 -0.103568 -0.158615
-0.267094 0.166636 0.023628
0.314681 0.085036 0.255423
-0.117809 0.009293 -0.051488
